The following data is divided into two parts. The beginning of each part introduces the purpose of the data.

1.Data for evolution and testing in the first part and for testing in the second part, totaling 15 instances:

20  Customers:
instance 1
points =[(0, 0), (70, 63), (25, 43), (55, 15), (8, 45), (8, 46), (47, 11), (54, 69), (61, 39), (11, 40), (28, 23), (42, 59),
         (87, 79), (58, 61), (51, 19), (52, 78), (34, 65), (68, 9), (85, 31), (82, 50), (70, 26)]

instance 2
points =[(0, 0), (84, 36), (38, 86), (88, 65), (73, 57), (60, 88), (5, 63), (23, 59), (33, 71), (52, 17), (7, 40), (25, 89),
         (31, 83), (78, 43), (19, 49), (19, 26), (21, 6), (10, 33), (75, 35), (20, 81), (75, 65)]

instance 3
points =[(0, 0), (55, 56), (47, 76), (6, 61), (11, 54), (61, 42), (69, 62), (33, 13), (88, 20), (71, 56), (7, 90), (79, 29),
         (9, 65), (46, 30), (83, 44), (50, 78), (38, 36), (58, 32), (75, 90), (76, 79), (50, 28)]

instance 4
points = [(0, 0), (85, 15), (30, 31), (62, 29), (23, 5), (73, 87), (28, 26), (35, 64), (69, 76), (70, 56), (13, 1), (3, 46),
          (44, 65), (69, 19), (87, 26), (71, 84), (34, 59), (56, 29), (38, 16), (84, 52), (31, 9)]

instance 5
points =[(0, 0), (51, 50), (65, 80), (81, 27), (70, 33), (44, 28), (8, 18), (80, 48), (37, 51), (88, 67), (66, 77), (28, 17),
         (47, 89), (3, 38), (49, 60), (74, 62), (4, 10), (89, 38), (56, 1), (32, 50), (73, 21)]

30 Customers：
instance 6
points =[(0, 0), (74, 90), (54, 27), (78, 69), (69, 3), (57, 53), (82, 0), (53, 50), (52, 57), (82, 71), (57, 64), (63, 5),
         (3, 52), (79, 56), (34, 55), (53, 79), (64, 47), (55, 41), (48, 81), (3, 11), (62, 65), (68, 71), (38, 27), (16, 48),
         (67, 40), (75, 65), (49, 22), (7, 11), (65, 68), (3, 38), (23, 38)]

instance 7
points =[(0, 0), (13, 80), (7, 28), (32, 5), (86, 85), (48, 55), (31, 60), (74, 11), (38, 34), (75, 30), (44, 64), (37, 24),
         (19, 45), (78, 46), (81, 4), (20, 69), (66, 29), (68, 42), (39, 9), (30, 88), (23, 8), (60, 5),
         (46, 49), (64, 83), (40, 77), (20, 21), (59, 60), (29, 47), (73, 37), (16, 23), (17, 82)]

instance 8
points =[(0, 0), (53, 4), (47, 66), (57, 84), (13, 10), (69, 64), (85, 7), (59, 86), (17, 42), (77, 85), (28, 57), (81, 77),
         (0, 5), (43, 49), (17, 35), (30, 74), (34, 26), (22, 85), (24, 48), (85, 1), (75, 52), (85, 0), (76, 6), (4, 65),
         (48, 41), (25, 74), (13, 9), (86, 18), (61, 65), (33, 66), (68, 75)]

instance 9
points =[(0, 0), (61, 20), (73, 84), (66, 70), (21, 38), (16, 2), (46, 18), (5, 16), (77, 71), (55, 70), (45, 51), (14, 41),
         (50, 23), (77, 89), (53, 61), (80, 16), (45, 83), (54, 37), (6, 59), (77, 11), (37, 34), (34, 40),
         (71, 64), (50, 48), (35, 79), (78, 57), (45, 7), (40, 13), (68, 42), (9, 20), (4, 89)]

instance 10
points = [(0, 0), (41, 18), (84, 28), (77, 80), (68, 6), (81, 3), (62, 71), (21, 26), (77, 11), (68, 89),
          (76, 5), (83, 10), (1, 6), (3, 34), (16, 35), (48, 25), (23, 72), (48, 7), (49, 5), (16, 7), (14, 62),
          (17, 74), (19, 54), (17, 69), (80, 61), (89, 71), (12, 87), (50, 19), (85, 56), (55, 29), (60, 78)]

40 Customers：
instance 11
points =[(0, 0), (11, 37), (17, 77), (57, 41), (55, 0), (55, 32), (26, 12), (50, 5),
         (46, 42), (18, 33), (83, 47), (27, 26), (25, 36), (36, 66), (6, 22), (2, 18),
         (55, 55), (71, 34), (11, 20), (46, 59), (60, 43), (79, 23), (56, 52), (57, 0),
         (89, 80), (28, 60), (65, 43), (81, 49), (70, 10), (81, 53), (9, 23), (30, 54),
         (73, 42), (44, 41), (38, 87), (10, 25), (1, 29), (86, 8), (18, 49), (83, 17), (43, 60)]

instance 12
points =[(0, 0), (88, 90), (48, 25), (27, 9), (66, 33), (3, 14), (55, 38), (72, 64),
         (37, 79), (89, 22), (22, 58), (42, 36), (54, 32), (52, 4), (11, 76), (35, 36),
         (62, 72), (16, 22), (75, 79), (80, 27), (90, 29), (15, 40), (69, 37), (73, 35),
         (0, 52), (39, 24), (25, 30), (41, 18), (34, 18), (88, 0), (65, 22), (29, 34),
         (77, 73), (40, 10), (17, 51), (55, 47), (34, 59), (52, 60), (45, 40), (62, 0), (21, 89)]

instance 13
points =[(0, 0), (52, 53), (75, 34), (56, 74), (85, 13), (45, 39), (72, 40), (28, 62),
         (72, 3), (16, 55), (86, 90), (5, 34), (30, 78), (11, 45), (9, 11), (52, 24),
         (8, 15), (87, 61), (41, 72), (81, 80), (16, 34), (49, 13), (50, 31), (56, 22),
         (60, 12), (85, 23), (82, 73), (16, 6), (68, 51), (19, 78), (15, 49), (56, 0),
         (28, 46), (74, 83), (14, 69), (36, 41), (30, 89), (61, 23), (34, 74), (69, 41),
         (20, 43)]

instance 14
points =[(0, 0), (58, 25), (66, 80), (62, 27), (0, 47), (60, 71), (78, 69), (25, 51),
         (48, 41), (76, 8), (16, 32), (61, 1), (26, 12), (39, 38), (53, 9), (54, 14),
         (25, 20), (8, 76), (71, 90), (23, 60), (43, 61), (86, 32), (49, 37), (65, 53),
         (1, 57), (60, 20), (78, 14), (62, 70), (18, 24), (45, 23), (59, 65), (69, 84),
         (9, 88), (86, 16), (77, 19), (44, 62), (44, 5), (28, 18), (6, 31), (43, 64), (18, 28)]

instance 15
points =[(0, 0), (51, 86), (6, 4), (16, 48), (89, 29), (78, 37), (87, 34), (26, 74),
         (68, 7), (0, 7), (40, 89), (14, 3), (27, 20), (27, 15), (67, 2), (78, 64),
         (87, 46), (47, 55), (13, 2), (88, 33), (48, 73), (46, 49), (29, 20), (51, 59),
         (30, 63), (38, 56), (58, 79), (38, 80), (8, 80), (90, 89), (77, 35), (13, 27),
         (4, 82), (57, 6), (60, 52), (47, 79), (48, 58), (46, 61), (83, 72), (49, 44), (74, 3)]


2.Data for the evolution of algorithms in the second part of the experiment:

points =[(0, 0), (34, 36), (71, 30), (23, 28), (52, 49), (86, 5), (27, 62), (16, 24), (53, 58),
         (58, 61), (44, 67), (15, 58), (5, 41), (34, 7), (50, 79), (43, 11), (44, 8), (23, 70), (83, 54), (46, 84), (86, 3)]

points =[(0, 0), (41, 43), (70, 3), (36, 62), (86, 73), (41, 14), (3, 53), (37, 32), (55, 10),
         (1, 70), (81, 38), (42, 66), (7, 29), (66, 49), (9, 37), (59, 47), (39, 12), (0, 76), (29, 38), (54, 2), (0, 89)]

points =[(0, 0), (7, 24), (11, 1), (25, 78), (19, 72), (85, 82), (53, 37), (90, 3), (82, 8),
         (81, 17), (7, 42), (47, 7), (75, 71), (67, 0), (50, 46), (25, 62), (76, 79), (67, 60), (66, 50), (86, 2), (5, 68)]

points =[(0, 0), (31, 40), (73, 87), (60, 10), (23, 79), (48, 64), (47, 0), (32, 43), (63, 70),
         (79, 52), (46, 41), (33, 35), (24, 63), (72, 20), (30, 45), (77, 5), (86, 66), (11, 15), (56, 82), (55, 52), (5, 78)]

points =[(0, 0), (55, 29), (75, 34), (44, 50), (46, 7), (17, 29), (79, 70), (75, 53),
         (81, 54), (90, 73), (83, 62), (48, 86), (37, 58), (19, 90), (27, 62), (9, 51), (70, 63), (84, 8), (63, 57), (87, 36), (68, 23)]